1834 1049
1835 1046
336 1024
450 1021
566 1016
682 1012
794 1010
906 1008
1018 1007
1130 1006
1241 1005
1881 976
1880 1017
1895 959
1844 959
1904 943
1863 932
335 912
452 908
569 903
681 902
794 900
906 898
1018 897
1887 893
1130 896
1241 895
1897 875
1909 859
1916 843
336 798
453 795
568 792
681 791
794 788
906 786
1018 785
1241 784
1129 784
338 683
567 682
453 682
680 679
793 677
905 676
1017 675
1128 674
1239 673
452 570
337 571
566 569
680 567
793 567
1017 565
905 565
1128 564
1240 563
564 456
450 457
335 457
792 455
678 456
1015 454
904 454
1127 453
1239 452
1901 374
1911 364
790 345
1014 344
902 344
1126 343
1238 342
564 343
449 343
334 343
677 344
445 234
561 233
329 234
789 233
1014 232
902 232
676 232
1126 231
1238 230
1823 542
1827 166
901 116
788 116
445 117
1014 116
329 116
1127 115
559 116
673 114
1239 114
